0.22111308245402617
0.12801887006642865
0.3626595008745925
0.3921530493449068
0.017992174023931995
0.43428781078357015
0.3820386529297489
0.004452106232971376
0.24603565357692747
0.1804512763260357
0.12232424433321948
0.09764933869379933
0.414542851901769
0.22901267134678283
0.2745216608009814
0.19803374529260337
0.0549307264218159
0.24160403844121858
0.047613849308272393
0.19820541867296482
0.4089556159697866
0.2026248273450023
0.1634392369458208
0.019537342797571633
0.4056782442478557
0.06914437823895164
0.41240614394794806
0.4628844940818862
0.4131826036140985
0.1991940717462366
0.2555790363907251
0.010538317290633314
0.3452444409270799
0.0569767052815906
0.2032858898916709
0.06024150407630252
0.25078388436067695
0.17032061984780617
0.24207937555745984
0.13902557275720417
0.3896060161598242
0.15571648743329214
0.09045068574301335
0.05812113291291493
0.015486670605360076
0.1754704567705332
0.25589673002099084
0.2761655764766056
0.04888906481329047
0.08137327288207863
0.33159305948826073
0.3722392293123293
0.33443657205149746
0.01524772802863511
0.11704352950969932
0.4560559649081456
0.43279904606432096
0.19516165652498652
0.15117247105896547
0.49193782961566107
0.4966323787813737
0.43283721141036496
0.14593896365816933
0.08054729061850058
0.21610332054657427
0.12573413389868077
0.4290515932535326
0.04884903415108405
0.17215557573995993
0.253483058423329
0.2104349075655884
0.17365623303494215
0.08225756021608371
0.30137067133243595
0.11270335161508632
0.2975742450218136
0.2757354424916486
0.47748914357270145
0.03126827861829462
0.4892147884085818
0.19150908962309005
0.43360057399036445
0.20361368467181212
0.0849200424752059
0.17345726681044638
0.3024594292812321
0.3542994114145044
0.37450008182191835
0.24731803688477305
0.2648629166810635
0.19505282953135117
0.47024577234323045
0.16293924794086445
0.05340021974809894
0.08124536266272298
0.16439985640672805
0.2891432709187228
0.14382070582250242
0.22646493554521685
0.4554948681539387
0.38461881779540813
0.49259039136560084
0.3911393397103562
0.14917619428513917
0.23922677377079074
0.03398011402969657
0.2649224549654059
0.07392161758095767
0.052738830725294394
0.020583355675452886
0.20649976885069604
0.22848363503463842
0.20249547045666227
0.12583332631723032
0.4217080641413196
0.43047826567373043
0.4667714542130067
0.4461658382743281
0.43131652806272425
0.24352004213178577
0.2657522728983234
0.19151560451567873
0.09803491769887111
0.07105685364516974
0.00993924389424222
0.0012332236131189945
0.0006949123495167363
3.556624900315074e-05
2.4324244211160137e-05
2.1694793329772764e-05
0.00023342183370977931
0.0006630181543000093
0.02148721672571067
0.04529542346280196
0.03470729654762818
0.2840196994691422
0.31537086080854143
0.3192030782757601
0.21823749477109738
0.11516892781879562
0.24682737763483653
0.23515589892206196
0.25639908416804136
0.4008732708343929
0.12019742976016179
0.3741711377056432
0.2087650551043732
0.1138841224105862
0.06791021922853342
0.01096570681781414
0.00019013423909621443
5.602497509112581e-06
1.0735764120253834e-08
4.774166747303243e-13
6.1406422717595715e-15
1.483104957383226e-16
1.6893036861113784e-17
3.1989858100007224e-18
3.9341885651422186e-15
3.0878758877485674e-12
1.3656812390507589e-07
0.00012356742553257615
0.05008731174714447
0.3166290134828488
0.651782961667262
0.37388599079341506
0.15917632480786154
0.15346419872835554
0.2327136693963081
0.460915574578269
0.0024043434592127544
0.21777795838441494
0.227910361367264
0.09352563380313328
0.04947276017110034
0.07208288063088734
0.054409894924574126
0.0275669978216218
0.011222016746202143
0.0004882996745159578
9.36454350563646e-20
5.629859571863054e-24
1.2484235085953909e-26
2.6261111340190496e-28
1.1894582406468073e-28
1.5937410675040004e-29
3.9600788839887875e-05
0.003744545001341777
0.006202455400643185
0.023463079336571824
0.07005838735870706
0.20220300487279994
0.3348557675880513
0.13588577876995267
0.23462627259492908
0.2565126918176776
0.3741681329927475
0.3637168608747975
0.47673689163152105
0.08965062128317575
0.04691449515087977
0.172108103504183
0.07877870143509802
0.04708094981042481
0.037396139861955724
0.014452313174158462
0.006457232695569174
0.000276373759900826
5.597740057253396e-31
4.547037074156297e-35
1.1042037732522191e-37
1.4994663170758887e-38
7.593209213059687e-40
1.2823824407145287e-39
0.0008957947675405357
0.005260806655785326
0.019644110101561495
0.04774700756997504
0.11164774779420782
0.23691271260223126
0.3473812191436793
0.27314600807673983
0.1283866114153201
0.47250762553373654
0.16903042473589514
0.3033058061650345
0.03577274898266802
0.004856673942185141
0.159911085149933
0.1824508168857707
0.06455329217208446
0.02603899555982188
0.024807941307145247
0.019855953767427267
0.007162231980242076
0.0011413337360785551
0.0013726851453136403
0.0002503452915397877
2.714194004535517e-42
9.00192795794492e-42
1.7284959590643767e-42
0.0008702813463272237
0.008440001361979262
0.01581072703222301
0.03234754600367515
0.050439645354488326
0.0843225868148887
0.1575609625064544
0.3573642627824095
0.17876675953466925
0.44042591104952705
0.13800859445594754
0.2648913256986138
0.34546700513430667
0.20151211245472633
0.19203775795010808
0.34693521308730896
0.14480277586621992
0.04313477245466257
0.024204629604360588
0.023701745847932394
0.019305588491215386
0.010457329917944546
0.0011541242185102074
0.0023509521727931968
0.003780357441965618
0.0008458326647139635
0.002846716080519855
0.009462203302216424
0.013046218110446673
0.029888174447859128
0.05264946656733711
0.06802016382767051
0.0704677426872802
0.0938733758628738
0.13819216755800118
0.17957569108819002
0.10159610190669235
0.11792965616130147
0.37155690713773487
0.18786028862101256
0.34294916365417333
0.23355393999567448
0.20765516821398947
0.2784477213112841
0.15244389357833768
0.07703872245484221
0.04764361569445023
0.033443698287196684
0.02292753283460392
0.01248492632983905
0.00464699000726422
0.0042096093074183594
0.006243822962868807
0.007167716767752306
0.018150682386560656
0.046758270122045975
0.09906598826296519
0.15533481835672094
0.18212057141130014
0.164168061302122
0.13388431736632675
0.1300437855229069
0.17082762355778922
0.17333734287114172
0.11422878597146278
0.3444418198529875
0.4570866443391124
0.29879886619725654
0.4221922680114366
0.5765285321567913
0.325960505051263
0.3175015648719103
0.1772473006187608
0.11461146592608995
0.09546459957844984
0.08526325547247285
0.061556324840418494
0.052032267691403344
0.04927383058474637
0.0487451526886558
0.06934873657730425
0.1292033601466482
0.2953371082471211
0.4774456955685298
0.5634876421225065
0.5574564342773841
0.4860311597413384
0.3727566253087614
0.26050599688455045
0.2214240297948666
0.2333868795779213
0.23405041702937746
0.19334635501120476
0.4082492348509045
0.011148901443408632
0.27753215385400654
0.17556294069664008
0.7661050900596493
0.4614709865499898
0.3255528316461036
0.24935918901246884
0.21501840015743018
0.20285927287350108
0.1878787746576621
0.19380471067783153
0.21560335631377947
0.2881061239131484
0.401877424618709
0.5831799190176575
0.7817007756239112
0.8886198130475549
0.9246089395258054
0.9056062491583908
0.8383830361021464
0.7377477784463714
0.5850406445004054
0.4136452215233873
0.33542588754618297
0.33014220732439414
0.30580297975596443
0.1651083731669258
0.10476046129187655
0.326211898922638
0.10228147338649235
0.4458011649626745
0.6942124027362944
0.32842728653587927
0.3525189138980024
0.32597599541431127
0.33203286958141803
0.36071676995393037
0.3959401518760154
0.48610710151048053
0.6078849418278255
0.7341583515737997
0.8651110904318199
0.9664607021551079
0.9889743128911035
0.9956846563534697
0.9875450766274713
0.9631704862995586
0.9112354859637986
0.8254057699444264
0.6830428808027411
0.49522691887576575
0.40925410195326
0.38264955483866453
0.3876598294615491
0.3007906388010592
0.17163878175034236
0.21477449065712773
0.1993232176580148
0.18330832743221992
0.16138738655638724
0.2176230749117548
0.4068370533305487
0.39523233164956045
0.42166343127318523
0.4737210835606839
0.5597627489552989
0.6951207768298807
0.8139992167662532
0.9071532432177136
0.9715957413759971
0.9949634086697581
0.9985765937709025
0.9995934949573557
0.9909923934123928
0.9600317917481601
0.9037490760861183
0.805988691801513
0.651515303318327
0.5065240177751389
0.4384873737646955
0.42647075141446333
0.42399398692079404
0.32379788284737654
0.15129103376660602
0.45893145756773496
0.14221701312620438
0.3776727831888022
0.28396587970694226
0.08294979415953556
0.36879976692188043
0.4179189986593446
0.4621019121855657
0.509415096519204
0.605753188894175
0.747978397251117
0.8670027010008853
0.9396957858463925
0.9886911060348788
0.9976380202631764
0.9970976150474468
0.9923208534741368
0.9653933631571078
0.8857345991027037
0.7760365857802125
0.6318097389482534
0.4906154626042878
0.3946782083124555
0.36844570716352015
0.4224463354124377
0.4533905283397221
0.36280732382084596
0.33211608528523096
0.41177809517017067
0.4398199792178994
0.2975574398195821
0.38283012481916495
0.06692483019578956
0.3330002365268716
0.365806420354289
0.3939984918739323
0.4405794244206572
0.49917320506505697
0.6477445391373197
0.7856257738102003
0.8761389140941669
0.9470834486240686
0.9546186148883762
0.9401774544447993
0.8643753346339278
0.7188113553301376
0.531076573939831
0.3903382009815468
0.2880450844415851
0.24465420512682093
0.22700655978365167
0.24611471381185904
0.3449579058214694
0.44516477650949227
0.2970555021736852
0.09617394367857701
0.32451726648256274
0.49820236302124365
0.020822678256233518
0.15706403797310536
0.25605190815933043
0.32720084828882456
0.2977475309225857
0.29572480800762874
0.2980434571598645
0.32163736454895536
0.37595145271322916
0.4446511860513838
0.4863281518613283
0.45255961092444363
0.3652894499555413
0.20883758614867703
0.20391957652685708
0.1716623740957022
0.1264034933285024
0.10173532125482844
0.08925907579675134
0.0961109409472463
0.1128905106249766
0.1520259773203566
0.24833615875480977
0.3139701558666726
0.007268978688930328
0.04285227283994186
0.04068598091112019
0.38384690493375895
0.4118737072477425
0.04518069942833247
0.34868397961183173
0.2895379773940395
0.22335300846158154
0.18282499687955586
0.1616850860241798
0.1490295781401758
0.13847463700354698
0.13016525763782819
0.08048474679577712
0.04614588148865845
0.01609138976107041
0.012394233969089003
0.020027410732757874
0.02087702471759111
0.03423502278568313
0.03788432329103998
0.0437313995146901
0.05081304694170435
0.07079869225684263
0.0953345218477486
0.1798726897772621
0.26276130312066603
0.06544179856148608
0.25189210329968686
0.21480727406557126
0.13262729777133297
0.16334911167837712
0.4235377868263876
0.21276232005109388
0.3038013923397281
0.21020255578205704
0.1477623181858361
0.10067145665726476
0.0657357550740738
0.03801194569119101
0.0169137245589137
0.005715389619450164
0.0017786234292102728
0.0008544979138088767
0.00340473880103957
0.0005220391861948336
0.004093415579596827
0.007309564666077072
0.014977676591604884
0.026339559186015014
0.03895551964956883
0.040981414500652354
0.04857502902101215
0.06063780098021453
0.12619159325705773
0.4109719884290486
0.07818683384450631
0.31991745926917525
0.4342325056664162
0.22520036686010747
0.3007666600434072
0.41029742333319175
0.38020159020363886
0.2209611981372073
0.12597737843218276
0.06480085258778134
0.03656163248755306
0.014174760938223936
0.0035346528660358655
0.0003330254549275448
3.2345165017052407e-40
0.0014387901495318538
0.000621774638817159
1.737554204465292e-39
0.002363971594200313
0.0025800243967333686
0.0072385561140494254
0.021272919340352928
0.03039100351005761
0.03026944867952875
0.02522101295534232
0.016769208233759686
0.03427972956390212
0.21407657323556173
0.05649390371999352
0.3063601335968307
0.12986269411634627
0.1962113830827385
0.4837739057773719
0.27713920475744747
0.32596889944548235
0.23205504509484648
0.1232686505307585
0.05455539744713738
0.026846695515987992
0.00992467899245333
0.0031239621308810843
1.4864130769826265e-41
4.2793427396281454e-41
0.00013444984971917382
4.699294653068389e-05
0.0005248655115110434
0.002819133111055826
0.003460504854126032
0.002697628464715114
0.0019282863829236645
0.02021376502243697
0.017720667504791017
0.013733994380413997
0.041871758181336136
0.029818038472398018
0.2469588455838897
0.2190088852629209
0.1594603123224479
0.09403694402447788
0.3697986239999633
0.44126324273989265
0.005232554578354368
0.3597665385460311
0.25122607611860137
0.14298670072200043
0.042598934732771834
0.01649202479224979
8.016165617562078e-05
4.6979033124882545e-27
8.926569619163159e-30
1.557584731216222e-32
8.929866009152807e-34
1.7539891635041462e-32
0.001810551241615194
0.0044561616563955865
0.005531224289051847
0.0035476440510950726
1.3483555614909432e-12
2.59742110144796e-07
0.0014891461878152263
0.13792546594413624
0.371286948271503
0.41525280962812416
0.40393062764754983
0.46553790063176437
0.02536115024780078
0.01593531312704255
0.3310371564140714
0.20792078206410675
0.22477783684111882
0.108522987505452
0.34823873426564433
0.0825673741699129
0.00450660333972272
1.743377861092757e-06
3.096763974036056e-10
1.0200157669586119e-13
1.916248487904788e-16
3.6625747408450257e-19
6.53154529790297e-21
8.103988419967e-21
0.0028832782174774735
0.009473081796486425
0.012208089046634741
0.011551071545038594
1.9350818583365604e-05
0.005987925207664267
0.0024611045773111216
0.17774645794022123
0.29736356633685596
0.34381964419089595
0.16631039078751847
0.21899000272878894
0.4426963634521753
0.3661133374329516
0.36644348367740337
0.4771447489151639
0.02048218188989026
0.4898767248064481
0.214617006054225
0.2536712538431586
0.005283621470714416
0.024745006600536048
0.00034885514536680634
0.0001090384310641096
3.221268136330334e-06
9.631576066923905e-07
1.2163701948928952e-07
1.59109046577842e-08
0.0029753389916935442
0.030328342052960235
0.048985798148383226
0.11683918886754421
0.1265588337345709
0.27519873908606524
0.080307843571288
0.05541944847383695
0.11091734619817728
0.442414249656781
0.1254775480324145
0.35369229251260453
0.24722310172153233
0.36722194281945103
0.31589182365512897
0.3731566879896434
0.005764145646135921
0.0058020778520638805
0.1965326983181851
0.39171601562682573
0.27696515277400197
0.12233054249099679
0.2512877702333555
0.0005582414629143184
0.06682798161054439
0.0012406023383683237
0.05106310897121998
0.0036991989481286835
0.0027385513815270206
0.12158403591543974
0.4225027477701238
0.37120373399180273
0.1851486921955624
0.4140345602596348
0.464023027085392
0.055422956134519474
0.47671269131051447
0.4427860188559654
0.26043699765619277
0.4244527833275624
0.4888461874020848
0.2986996163848295
0.07866185442100776
0.15945503129140498
0.3084731409635726
0.08560817254000791
0.49836815472110746
0.46053274179232623
0.18213630234328326
0.4375769137348642
0.42232145909869473
0.16770231475623815
0.42636630095879063
0.33397320208973824
0.24434018061565033
0.44354118055454766
0.08767520021018238
0.4439205622791765
0.4896098488882717
0.3873820287154892
0.25352207587795733
0.029438884419046074
0.0774258095291715
0.26650335750423737
0.4235109985962902
0.17951700238688562
0.17156082351965968
0.04326746187298064
0.22153360067503902
0.1495908996826354
0.008362033751844855
0.017035283959848546
0.0021107632145885846
0.29418860867186486
0.27644772794056993
0.48755274494582773
0.3650316590719948
0.40769419269327517
0.1856386602135981
0.439897817850538
0.4321458047437951
0.10994480519294558
0.07350970267838369
0.0396305556721398
0.01480186849666304
0.09603109712356084
0.369766129380617
0.17230707183481608
0.4238562577375212
0.49540168133861306
0.012385107562961406
0.3520711286288679
0.37277172688649046
0.05318996090219957
0.3385265365137389
0.05485386681241178
0.4199631488491108
