8.246050572526698e-72
7.214222503239634e-71
1.8594950010706236e-71
3.3495179087727063e-71
1.834227008294751e-71
6.1081321258317925e-71
1.7586132445073113e-71
3.560302557089819e-71
6.6107821390694486e-71
3.731263886001773e-71
1.5819119954129551e-71
3.428555892286683e-72
5.977552057120093e-71
4.490537445064253e-71
4.210383125058075e-71
9.537970319689515e-72
6.192586245063628e-71
6.620723944926516e-71
2.925597085613231e-71
3.196857519782927e-71
4.969839094804105e-71
4.8159898386428075e-71
1.7649082917452384e-72
1.6342767665608792e-71
6.4786004332269005e-71
3.714419464383768e-71
2.8532302297863e-71
6.515093324192941e-71
1.7208932897820892e-71
1.4154354129837916e-71
6.4055945554174334e-71
3.4512965703076873e-71
6.5895884180660465e-71
2.6430516298764684e-71
6.479411309413355e-71
2.1052667472459835e-71
6.998005314588103e-72
5.622055441619167e-72
4.903437642125681e-71
6.5458521524613486e-71
3.5664777290596816e-71
3.1458430452085077e-71
5.611379472163614e-71
5.833744543502803e-71
5.374417839402576e-71
2.7263083838095143e-71
5.7825631461917015e-71
6.545202013246526e-71
3.009008009809431e-71
1.964114285825123e-71
7.977193944468191e-72
2.517814719303935e-71
3.715635869428773e-71
2.4082382952766223e-71
1.0010232863692488e-71
2.714990617033045e-71
3.8741444451808935e-71
4.260209154311772e-71
4.804397791031743e-71
6.7620387227645685e-71
1.6415014161657276e-71
3.4751221933836467e-71
1.786504230757953e-71
6.543458545459932e-71
2.193211397825848e-71
1.90050252894532e-71
1.7224591567847056e-71
9.59136341036483e-72
4.3050333868283975e-71
6.132579999361829e-71
7.163504774706116e-71
4.081393867450524e-71
2.3347431312159757e-71
3.3604342115363296e-71
3.1472604778648905e-71
6.843054933477563e-71
5.8492912067378e-71
7.007053755349533e-71
1.184234283298482e-71
1.762832410176976e-71
5.436047363409222e-71
4.720991866382843e-71
4.416594667071513e-71
1.7005975112622869e-71
5.820681594555567e-71
4.452378673421749e-71
2.9836451603005074e-71
1.5734295561160148e-71
2.001839538314097e-71
5.710966407265304e-73
8.163643918721746e-72
2.4829596803297385e-71
6.5877624770877694e-71
4.386464532449234e-71
2.2477020638242005e-71
1.0144472643071006e-71
6.8884726105363626e-71
5.059185112849285e-71
4.512033203164185e-71
1.6593313651695166e-71
4.67350521348057e-71
4.801164355596252e-71
5.02192223275372e-71
6.719759912149433e-71
3.461505115672059e-71
3.3461386068522966e-71
4.152938445830734e-71
6.260712153636546e-71
5.388618370172743e-71
4.736188424376707e-71
3.3972217486556814e-71
6.056177949519078e-71
3.205818009490397e-71
6.079277817140992e-72
2.2756613134196673e-71
4.072404971117874e-71
3.094441850904698e-71
2.193601970080185e-71
4.677485282955486e-72
6.2144833356908635e-71
5.685870698260067e-71
1.4692040263600915e-71
5.653102598044596e-72
4.229665169371231e-72
1.9478023653400582e-71
2.3645946149417115e-71
5.190675038080395e-71
3.900867219315375e-71
5.4227243160637675e-71
8.685929878267248e-72
4.3721265364252825e-71
1.0053259689302077e-71
5.016795842252633e-71
4.276449507791137e-71
4.310905914290597e-71
4.532808208075062e-71
5.22424386338963e-71
3.282651695460789e-71
6.26748055050005e-71
6.486927402431745e-71
1.5240716301383736e-71
4.4498091182204124e-71
4.567651866764839e-71
5.750459781781513e-71
3.5279667671050816e-71
7.275640681981792e-71
4.510853316666777e-71
3.045749576039374e-72
7.931560015029436e-73
5.646886489223683e-72
3.1586875293803643e-71
5.13401926815425e-72
2.292754506255113e-71
5.69036456620554e-71
2.5632625611011866e-71
4.051608420618555e-72
2.9702867632008675e-71
4.8315748929136035e-71
2.9513564175679802e-71
5.112027127274264e-71
4.904655708704541e-72
5.652154906589086e-71
0.0005572773806534654
0.00248368679583408
0.00248368679583408
1.1775793592902634e-72
5.652240046961172e-71
6.675149016577695e-72
5.2303833559026e-71
2.8910883986685577e-71
3.1944785838818445e-71
2.3412898131610647e-71
2.0458140079030004e-71
9.471946438053938e-72
0.0003302905353910085
0.00116777098544828
0.0010716656596349652
0.0007142676132827872
0.000489324585186401
3.374503953527558e-05
3.3321504973195607e-71
3.4532816226485366e-71
3.548742025468501e-72
3.632300042737603e-71
6.7546913081835785e-71
3.583221611856412e-71
3.4474474856947788e-06
0.00024601172874107646
0.001167337424166463
0.00327325900729309
0.0038690990368348177
0.004119742641712899
0.0022502706241364764
6.343256047307901e-71
6.281651965390975e-71
4.5726880613409206e-71
6.2990157457429274e-71
3.1122214522348508e-71
8.321593642776831e-72
2.466337410487999e-71
5.7047507538844466e-71
0.0010986176289874104
0.0018667488207241526
0.002086329899672922
0.0025550787862916226
0.001303094679225867
0.0006298691612364227
3.936682257727642e-05
1.4866863612803398e-71
7.1477182275460006e-71
5.368212728286224e-71
7.276343280484607e-71
1.6712173448328967e-71
1.4434207850505166e-71
0.00017142927623079232
0.0015946932414556804
0.007107970887317048
0.011061315725706546
0.013161270792506384
0.010449379721151517
0.00546528728724756
1.8084538422411151e-71
3.603525574395561e-71
1.9730241576152083e-71
4.954102565723289e-71
4.310071821686376e-71
6.68401899465975e-72
4.039724920749426e-71
0.00035089415730567346
0.0023165071288699726
0.0025547237902195916
0.0023721369377331714
0.004718893174727765
0.0061093904918477935
0.002653161861830827
0.00015326867532148707
0.00029333571984592975
4.5622324272227666e-05
7.611425922838918e-72
6.587115583394116e-71
4.727443154417415e-71
0.00022139132143618332
0.004345129341736277
0.00907031532330495
0.019117936564203714
0.026779357657039923
0.02579921610607559
0.02166832870144083
0.009690980241079183
5.323589607853155e-71
4.458582160267799e-71
5.676720908303644e-71
4.885270343531521e-71
2.3445464147630826e-71
9.903708899887753e-72
5.235420991480597e-71
0.0036285470785550594
0.0052806737593084985
0.0033390122990405776
0.003476520403832224
0.007906455893637141
0.008284938919740555
0.005163022924093182
0.00023174093425581846
0.0006546640525001565
0.0010803906268810994
0.00024407503341464265
0.0016163022619297446
0.004686681905204441
0.005356518859092284
0.012256963479394697
0.02947692835925128
0.044522611339984954
0.05051436074340568
0.05322994036622163
0.039225236726657724
0.007681533554760165
3.5405593821590135e-71
2.5321626629065825e-71
2.703900573273281e-72
5.259032841135131e-71
4.3051842497827264e-71
5.145667861942112e-71
4.934905543525002e-71
0.008837485933740915
0.01713800261336685
0.019939282919926964
0.018841083451939918
0.015354435269559099
0.011158460803899707
0.006287143666126101
0.0014584654762294356
0.0010068110140003827
0.0010788879406698445
0.0018563637662462249
0.005233232653708573
0.010305413036920731
0.024801526789061258
0.04962201446534679
0.07637988391795997
0.10150283332925904
0.10902770166691834
0.10194880371425054
0.08592095964485096
0.02233298767170731
6.687618338903191e-71
5.9141667540291986e-71
2.854494928409437e-71
5.5094534755289084e-71
4.330956232146888e-71
0.003350981100275112
0.004559975520091221
0.025987714260976846
0.04824838585774153
0.054313014828926996
0.057107095872874665
0.05526772174789623
0.03783314888373723
0.029804304292699504
0.023587744785884976
0.019689806843359785
0.02147749090931233
0.024205561843817548
0.0476651890886916
0.08295160448116037
0.12601014919317546
0.1625982736548615
0.20235579189874778
0.2229496432616718
0.2377968683513992
0.2277830247075467
0.16917529465988468
0.04934892360792377
3.0621434911261924e-71
1.0077399171403681e-71
4.757621567178379e-71
4.370077286018367e-71
3.4783750871502166e-71
0.00414468705906967
0.0055997152841343765
0.06844171613379077
0.1318434656237498
0.16918993340399308
0.1662261680280041
0.1436126536651542
0.12871279954238984
0.1088260382772335
0.1145499329600935
0.11426714537696499
0.13619618438895878
0.1853253981504392
0.24744422975946787
0.31960366786988426
0.36846943323354947
0.3907792166520533
0.4187889424778402
0.4365891055288555
0.4402717010088835
0.40646758922233295
0.32800193208370326
0.08389021017701105
6.169356153461154e-05
3.811105495027922e-71
5.105826337331434e-71
6.465088108506579e-71
7.27473836439329e-71
0.0010862420232806366
0.004568594136556515
0.132294915656981
0.2699766245373093
0.3417517640875137
0.38667970499730275
0.38590163328963933
0.4020354506458915
0.4262742927263646
0.48233429098720004
0.5464443435665551
0.6198184210188447
0.7016295027303865
0.7560913566900268
0.7763259096640241
0.7668622359424848
0.7364687079814995
0.6900458049940755
0.6461782827614498
0.5958448077173416
0.540896972592955
0.41060230527904634
0.12533499932205439
0.001737540298724483
5.6762705645735405e-71
2.5361482428803076e-71
2.768177026603326e-71
9.65253380556955e-72
6.918613777655268e-05
0.0018958770755522097
0.20186970653332612
0.41209955574776325
0.5195041039728344
0.5879720619942834
0.6373757490434276
0.709787318455764
0.7786300992324302
0.8531590395562726
0.9074446596575217
0.9462064032243478
0.9648452566399429
0.9490662580127301
0.8985848407425815
0.8373727955035947
0.7910666305174937
0.7404932180980266
0.7012682376206777
0.6512819238580878
0.59431257284161
0.44077875287667867
0.1289142229210061
0.0023507432428633073
3.1585855847749503e-71
6.988909853229695e-71
4.1096663007749574e-72
4.4156194463251464e-71
1.1594807003208338e-71
0.00099423527964338
0.18309120489971822
0.4726362698659071
0.5940592373811915
0.6357393521082345
0.6832564973460163
0.7368244002856903
0.7841989131166576
0.8172639499037428
0.8178423097613324
0.8000271312219049
0.7334730939453951
0.6536506939663039
0.5663434749279278
0.5026562397787648
0.4891264432060039
0.47194438112582493
0.45505594801298843
0.4425809381054557
0.4199803234591487
0.34471601187756334
0.11105774679631891
0.0007074506838353798
2.8812102685561744e-71
4.999191176173084e-71
1.6654950082493752e-71
3.6002085192652198e-71
3.624964764896852e-71
0.0006823527805057116
0.13826100836991295
0.35354135152816835
0.4400180372625941
0.4573135391103309
0.46488681899822715
0.4571777725209454
0.42568890231056206
0.3922593057722158
0.33361481806312054
0.2540262632295117
0.1894104591477248
0.15640138177542096
0.14521533965952224
0.13595673304367245
0.14438084508957783
0.16138150088164827
0.18438101483340494
0.20118848693965213
0.20250282470931774
0.15400764693992466
0.04597687390135748
5.175163749835942e-71
3.645729372919366e-71
1.8012941796070206e-71
5.7156061638984175e-71
5.8518918772739975e-71
1.1699154832033383e-71
0.004717841323591334
0.09260755501536151
0.22031535570948366
0.26991594374977057
0.25272941854045455
0.23043526532906697
0.19695059532942047
0.1469386129340844
0.09828696127275602
0.054657012235958334
0.02162265213760406
0.00839239515732022
0.015935498113631794
0.0226229449470131
0.02871938339749979
0.034170990968057764
0.04428548679765284
0.06237863490938266
0.07716119182768733
0.07374095548843256
0.050349084005152284
0.01186691954073521
6.521824837445048e-71
2.224684580776862e-71
5.4997365008026825e-71
6.543287833124472e-71
1.8015175872119025e-71
3.0882926193563486e-71
0.00025578493829979404
0.04572867073286914
0.10666980389188327
0.12400837213095389
0.11459176639049429
0.09099187090135784
0.0691753945525852
0.047500272289698664
0.019555492788690208
0.00694105706777271
0.000990295134192142
0.0004728334982639434
0.0014052142441257477
0.004020912084343468
0.011764498511332716
0.016825401852886872
0.02435830125228454
0.02874150621263258
0.03467353743195066
0.027484207164260144
0.02126778296994753
0.006882929097524418
5.696540596036297e-71
2.979953620375856e-71
2.4738981263291563e-71
1.7299044879600955e-71
3.3685602685254115e-71
5.216887439907771e-71
0.00015867205159954408
0.028623282897198375
0.05879097331339589
0.06704124634770668
0.057732101209277575
0.03958764690492366
0.021452621692748346
0.00673635163270817
0.0010509912802012173
0.00025414958295685055
9.858193580234119e-05
0.0004034039837577383
7.029223723028115e-05
0.0007236257089721389
0.0024522486183850265
0.007553391065949287
0.014529060390189155
0.019788034335673145
0.015812944134878423
0.008249496373142777
0.003431417054061316
0.0008185684794638007
2.402053893276548e-71
5.777878629853231e-71
6.115901814859e-72
5.0512897214264796e-71
5.6840366536240034e-71
1.7046764322447372e-71
0.00020162500267196888
0.01381801563308245
0.02600335722050726
0.028753291842044955
0.02142577534237671
0.01873621196560936
0.007797284431948837
0.0012680764668309924
9.477032731279976e-05
5.236372987648765e-71
0.0003139448333270967
0.00013870357350848745
3.749740750480769e-72
0.0006651573655810911
0.0007396148197794921
0.00280208502166214
0.00974984369560002
0.011518615499355392
0.004488184209635732
0.0013785987522806863
0.00019981989685577005
5.328112465808495e-71
4.970582129437539e-71
3.1983048828466663e-71
3.205785344092394e-71
1.9219342733901876e-71
5.695878840660844e-71
2.969219429217375e-71
1.0503031750291697e-05
0.0044196365564274365
0.01434488418273987
0.01604070050305592
0.012804170254991242
0.008688001489208634
0.0032363995570994096
0.0010968685434607573
2.314874451040418e-72
1.4329914395203824e-71
3.285599078511454e-05
1.095199692837152e-05
0.00014061628246637338
0.0006889552483105139
0.0007114710630450578
0.00042615987987970226
0.0003337004911244
0.00440237365834902
0.001259844859489664
0.0002458568338764624
4.4230769483527473e-72
3.2972599209022514e-71
3.222444824785535e-71
3.032115006793842e-71
6.029182693989156e-71
2.22080259309747e-71
2.110336501698421e-71
3.5046441519220502e-71
4.036570781458918e-71
0.003515095827171753
0.013156646951043901
0.012091080636526719
0.006248614863399129
0.003948897942319173
7.399849209142253e-06
1.3347130150794554e-71
1.6965857220636454e-72
3.6279934647941234e-71
7.146233886739156e-71
4.8660289437176596e-71
0.00034024694559048595
0.0007086028063909755
0.0007086028063909755
0.00031493458061821134
6.542266547287616e-71
2.8027804382712756e-71
6.952670102797655e-71
3.76341324554942e-71
4.534502194257646e-71
5.421925876352767e-71
9.702449583984682e-72
4.818829854096629e-71
1.6919209938681769e-71
6.585013575951312e-71
2.0682814073551804e-71
2.0251395200257538e-71
5.318665164606319e-71
6.326698200096698e-05
0.006083382766188671
0.0018142882399771617
0.00018578406099547978
3.901550592408418e-71
2.0668827883170607e-71
3.2743355848258365e-72
7.251802283496158e-71
5.5032486354377615e-71
3.752180862250452e-71
8.467382705531242e-72
0.000264309850673663
0.0007086028063909755
0.0007086028063909755
0.00041338749026957833
5.424406954782059e-71
9.249338166698167e-72
5.769883940226552e-71
3.59494367719772e-71
5.60086954157843e-72
4.230986383655044e-71
4.520983149633204e-71
3.4208401297715714e-71
6.267820988751589e-71
4.377785489990141e-71
4.547073721154508e-71
7.668394113739371e-72
1.295778677347856e-71
5.814035604633249e-71
0.0021897378623827045
0.0001173399263246179
6.994753731219995e-71
4.8967453272129975e-71
3.0555937373134975e-71
3.873589675624487e-71
1.5347358801622196e-71
2.3262216368721807e-71
4.505589385450861e-71
4.000571245952659e-71
7.873364515455283e-05
0.0006721042404677808
0.0007086028063909755
0.0007086028063909755
1.9330469924518435e-71
6.6520582713389386e-71
2.8920255413301347e-72
4.626128298673887e-71
6.605187887545822e-71
4.0165590533025265e-71
1.5513104490008438e-71
3.702803776982337e-71
1.6374533527194227e-71
6.028020980989553e-72
3.700193456773994e-71
5.7551293844101965e-71
6.844193233714448e-72
5.680574293263895e-71
2.1119722758349533e-71
4.194594583743011e-71
5.099189487078287e-72
5.16123614957715e-72
6.7707046677864456e-71
3.113091123169558e-71
6.609695732061846e-71
2.185738230632379e-71
3.0115714767598046e-71
3.707316302474287e-71
1.2775858777422953e-71
0.0001321549253368315
0.00041338749026957833
0.0002896222156459372
2.1089294001942477e-71
2.214577913698775e-71
4.003181319370935e-71
5.918369317036727e-71
1.683579154578638e-71
3.2996695590414655e-71
5.572715182265392e-72
1.8894319610742415e-71
2.1116003130237036e-71
6.857823772792346e-72
6.537711753488638e-71
1.5111176498023755e-73
1.773445145189519e-71
5.4802770650399936e-71
2.3406170685116667e-71
7.187940340625618e-71
5.385038352355998e-71
1.0206038346123992e-72
1.0383449616579538e-71
5.140214728022739e-71
4.4004541755144975e-71
1.042390578339566e-71
9.555425078099463e-72
6.620667609256668e-71
7.177684974744335e-71
7.547954250746752e-72
5.850628529031216e-71
4.243142074836343e-71
6.517226626835359e-71
4.1879016561744045e-71
4.9840605431456554e-71
4.638329396657761e-71
4.553538332285971e-71
4.915981346871401e-71
3.039026866941378e-71
1.7009895805587427e-71
3.3521797695482817e-71
7.529071762668745e-72
3.791442969315762e-71
3.73931255795477e-71
7.070957407297734e-71
1.9087790720437093e-71
1.6500501521355437e-71
2.61644451806653e-71
3.9214699556318346e-71
2.2183364856791593e-71
6.286824334479751e-71
1.4508288762634674e-71
3.174823453703284e-71
6.571095781049793e-71
4.359204298163806e-71
3.593266469708389e-72
2.7450713878266627e-72
1.3094508986978097e-71
5.730051870612799e-71
4.1033066020178035e-71
6.841224327838242e-71
1.891623091958857e-71
3.0323887812344392e-71
5.968700997059804e-71
6.0526552768707e-71
6.01711837464648e-71
2.796642016158264e-72
6.785488871312281e-73
3.0132175676510106e-71
