0.22111308245402617
0.12801887006642865
0.3626595008745925
0.3921530493449068
0.017992174023931995
0.43428781078357015
0.3820386529297489
0.004452106232971376
0.24603565357692747
0.1804512763260357
0.12232424433321948
0.09764933869379933
0.414542851901769
0.22901267134678283
0.2745216608009814
0.19803374529260337
0.0549307264218159
0.24160403844121858
0.047613849308272393
0.19820541867296482
0.4089556159697866
0.2026248273450023
0.1634392369458208
0.019537342797571633
0.4056782442478557
0.06914437823895164
0.41240614394794806
0.4628844940818862
0.4131826036140985
0.1991940717462366
0.2555790363907251
0.010538317290633314
0.3452444409270799
0.0569767052815906
0.2032858898916709
0.06024150407630252
0.25078388436067695
0.17032061984780617
0.24207937555745984
0.13902557275720417
0.3896060161598242
0.15571648743329214
0.09045068574301335
0.05812113291291493
0.015486670605360076
0.1754704567705332
0.25589673002099084
0.2761655764766056
0.04888906481329047
0.08137327288207863
0.33159305948826073
0.3722392293123293
0.33443657205149746
0.01524772802863511
0.11704352950969932
0.4560559649081456
0.43279904606432096
0.19516165652498652
0.15117247105896547
0.49193782961566107
0.4966323787813737
0.43283721141036496
0.14593896365816933
0.08054729061850058
0.21610332054657427
0.12573413389868077
0.4290515932535326
0.04884903415108405
0.17215557573995993
0.253483058423329
0.2104349075655884
0.17365623303494215
0.08225756021608371
0.30137067133243595
0.11270335161508632
0.2975742450218136
0.2757354424916486
0.47748914357270145
0.03126827861829462
0.4892147884085818
0.19150908962309005
0.43360057399036445
0.20361368467181212
0.0849200424752059
0.17345726681044638
0.3024594292812321
0.3542994114145044
0.37450008182191835
0.24731803688477305
0.2648629166810635
0.19505282953135117
0.47024577234323045
0.16293924794086445
0.05340021974809894
0.08124536266272298
0.16726198110941376
0.3974480137959525
0.1784068978499651
0.22646493554521685
0.4554948681539387
0.38461881779540813
0.49259039136560084
0.4477396475359757
0.17048900230037023
0.3719169125827936
0.0683994751498554
0.31093988320681104
0.07392161758095767
0.052738830725294394
0.020583355675452886
0.20649976885069604
0.22848363503463842
0.20249547045666227
0.12583332631723032
0.4217080641413196
0.43047826567373043
0.4667714542130067
0.4461658382743281
0.4702269316267558
0.26716501604070353
0.4603044493550423
0.462178017341437
0.3220321166037714
0.22550674001747117
0.19525360193705926
0.0972307162974747
0.40581601851397797
0.16415453503317706
0.37382630277881373
0.38383065713566156
0.4792554546973315
0.10530470520847024
0.49738496362890544
0.2398766956033891
0.07876543390740592
0.31158883010586447
0.31537086080854143
0.3192030782757601
0.21823749477109738
0.11516892781879562
0.24682737763483653
0.23515589892206196
0.25639908416804136
0.4008732708343929
0.12019742976016179
0.42629246217887073
0.3129874733282613
0.22518041501549346
0.3527242461440647
0.25895015431725565
0.12513884823708638
0.42248690008950673
0.33772060200946163
0.01683493870038333
0.1422342916402135
0.2954458147722667
0.45676628635666994
0.03636387900401716
0.19762149904530513
0.12252046073275258
0.42221034635282684
0.13138160439746988
0.4574065838244003
0.377398918038052
0.49273491700846417
0.37388599079341506
0.15917632480786154
0.15346419872835554
0.2327136693963081
0.460915574578269
0.0024043434592127544
0.21777795838441494
0.25965783918843893
0.15672665644863748
0.041642007054137176
0.3059639517437351
0.21328754346143308
0.27598870982234275
0.07857303274608068
0.32751440648303853
0.1675552713811232
0.3096358623253624
0.2952260515931164
0.14166845068348505
0.23826801180460944
0.13503007606984568
0.2501944999085707
0.283412354992819
0.292659921617552
0.22426802165168047
0.17097484655301015
0.4842549637540271
0.11479781987635801
0.13588577876995267
0.23462627259492908
0.2565126918176776
0.3741681329927475
0.3637168608747975
0.47673689163152105
0.08965062128317575
0.050348312165246434
0.3846127602829139
0.06077541617049581
0.40264491695961563
0.20359649354102893
0.434323341326595
0.22793129437993476
0.21863803232414858
0.192154517891505
0.08111148631656934
0.11863482542382131
0.37565281738944506
0.20014612666293552
0.3057512639282663
0.21702922816962866
0.055746803546767865
0.2873049960162147
0.4939004683814399
0.23753495418205112
0.23992480176233372
0.06445717858832095
0.27314600807673983
0.1283866114153201
0.47250762553373654
0.16903042473589514
0.3033058061650345
0.03577274898266802
0.004856673942185141
0.06267436518648356
0.3221964875569904
0.38644286961716784
0.06762361978993003
0.09165658425001089
0.48049089045859633
0.12798276946464737
0.25454249263048273
0.2850072746842965
0.039534322174665126
0.32660868734904114
0.3256414767311966
0.3839146294415407
0.3349820452904493
0.2466686504787518
0.4049973424004075
0.13609977284943486
0.3407831233197806
0.34988493532260845
0.1916724665595796
0.08213581791323687
0.17876675953466925
0.44042591104952705
0.13800859445594754
0.2648913256986138
0.34546700513430667
0.20151211245472633
0.20837415217281485
0.17948200831048633
0.1246845077962791
0.2119754879530219
0.3930225107035226
0.1530778614902777
0.37640914779706364
0.39376262014992286
0.2094673029181226
0.0308723002564395
0.2821390908772218
0.0443592459775739
0.3311857387749441
0.24845998431113092
0.372338986426503
0.25573344874018017
0.06344177716200905
0.3484229014949997
0.12244414367303269
0.11291449948567267
0.04599805900779291
0.12372028401568708
0.10191534221527332
0.11792965616130147
0.37155690713773487
0.18786028862101256
0.34294916365417333
0.23355393999567448
0.3978425453096494
0.2228426360394386
0.48597148250014677
0.12737936479460388
0.06480823078107945
0.4791512463429813
0.26532534245005146
0.44979247480754414
0.01890382844067162
0.39603818580313127
0.09620120968553475
0.2252783112907315
0.49125876318994705
0.3179281634513144
0.14995875712413226
0.4297175537148489
0.22108224895940648
0.2689251036191736
0.2262149968775526
0.1188510318434296
0.026863457014828895
0.10413048682378201
0.15493970990219325
0.3444418198529875
0.4570866443391124
0.29879886619725654
0.4221922680114366
0.3928000025397226
0.18645242679897683
0.13296495754198406
0.37755938884988893
0.05838479265690821
0.08352303354453022
0.14238785370927104
0.2539321570546093
0.3356700171297002
0.01871839071743714
0.24696982107791754
0.11581509483788904
0.21800557278232724
0.41727496927979374
0.1274515761395847
0.4015448056437647
0.1475934977702329
0.1557560570894067
0.06271521386246304
0.2913594416847514
0.4309573481590817
0.4504253915596929
0.4761826729599714
0.47586772647443276
0.4082492348509045
0.011148901443408632
0.27753215385400654
0.17556294069664008
0.4475144936942506
0.37154426451416916
0.3335865088065004
0.2920536346008588
0.2946158893834953
0.2599497587298026
0.46322327163926685
0.11090768238614901
0.316094597164342
0.4197154372297151
0.3772680417036831
0.1095279732933871
0.4300669930753074
0.20259003096452177
0.06410832225101315
0.08485540145018872
0.4497856072558849
0.03795819434373526
0.2688688238902864
0.4556204057769827
0.366176541865448
0.4650333037443964
0.04999569184931302
0.3200874274717897
0.10476046129187655
0.326211898922638
0.10228147338649235
0.4458011649626745
0.41858485550625457
0.0892390486751003
0.0634487803337791
0.12043240137793176
0.3252446404005129
0.1634157153638675
0.46190939174879325
0.019235124275907067
0.06105726704585224
0.28959239572103096
0.0033963489843825134
0.13937325742427292
0.35303439358788297
0.14145262727470198
0.3882689586657453
0.22180537200145478
0.09140632052422293
0.25580105466758657
0.2905319072463976
0.4908796132385517
0.012022103234117343
0.038010063862885246
0.3983523610370503
0.29842323250038355
0.17163878175034236
0.21477449065712773
0.1993232176580148
0.18330832743221992
0.11681782548482433
0.2641213361814022
0.2844367319503257
0.26793380589503585
0.009645722789370037
0.4245466519257464
0.2863566800586542
0.24329482282390485
0.11667066756528982
0.1040701174616222
0.20101160331141282
0.3279932875350737
0.44060632966247065
0.32108432542484117
0.3853207777698078
0.2481396648303072
0.2715041169882746
0.46096134676158895
0.46237469808617937
0.36373484734362216
0.39211710979347736
0.1635367229801276
0.09144864371096206
0.22349487588516126
0.15129103376660602
0.45893145756773496
0.14221701312620438
0.3776727831888022
0.28396587970694226
0.49422586303587196
0.18535783459306665
0.07579078477860829
0.3966999805075295
0.07191582643661248
0.4150961194728387
0.4797271560097612
0.44341684967903194
0.23306723781874294
0.05463874260091778
0.13409629720188893
0.45340725736310594
0.13399380708080627
0.29636534011463816
0.4384233931799478
0.2648547450599598
0.33589915992465474
0.15043126853572603
0.49214125017011207
0.05048754307358211
0.09559531163882595
0.4448829212167081
0.39943769939181845
0.33211608528523096
0.41177809517017067
0.4398199792178994
0.2975574398195821
0.38283012481916495
0.12260321057948059
0.34221200864158263
0.37676862753204093
0.24276261087477136
0.39140668072531815
0.2058233179749947
0.12203466718328176
0.352258046238415
0.021823528418499827
0.4266039865396876
0.24707446047661874
0.14819098253839563
0.15223526999067682
0.0038003857475990555
0.2605301967220926
0.34537867133973277
0.29643090064563105
0.2181881379227656
0.07424838189078498
0.22005702633976826
0.372560849185692
0.41125106351850027
0.45496017853586057
0.09617394367857701
0.32451726648256274
0.49820236302124365
0.020822678256233518
0.15706403797310536
0.26755890804339955
0.08066499477575428
0.2779378888542946
0.39005327320928845
0.30559305602664455
0.27390132058449507
0.1361654937096125
0.08696361759070143
0.09752272927696615
0.20047202130666675
0.12445504103448068
0.3366768284711835
0.2754727488164063
0.4064743451008251
0.11284769367656411
0.06899321530976865
0.47535302633774235
0.24765013455480683
0.3306952312275867
0.3577418019477867
0.06054533334052975
0.1997723178047095
0.00857218298859519
0.04285227283994186
0.04068598091112019
0.38384690493375895
0.4118737072477425
0.04518069942833247
0.4894318502889462
0.02358192050351665
0.011258273803158692
0.12488853226095947
0.21414515525723027
0.015470393731697063
0.02886659347040188
0.15785872966993353
0.2771389790169288
0.15897767579289873
0.3204610124436916
0.45654292146369857
0.3712796528000364
0.39121218437872074
0.2907362516950605
0.28889402239207196
0.1442799863292747
0.016928319511890944
0.04680367107168665
0.09024047777077598
0.2216467824822606
0.25261998789963175
0.06606071765199206
0.25189210329968686
0.21480727406557126
0.13262729777133297
0.16334911167837712
0.4235377868263876
0.013759193089395494
0.0201557412170002
0.2782119662815811
0.10786234121112392
0.16227120570755882
0.441690563872827
0.4398468241401429
0.2136267975373501
0.03245558600292925
0.27753187735228413
0.047584176824118085
0.26475701553148556
0.24531301784085985
0.3058878576644589
0.3533985195155591
0.16032901329120192
0.32570469003338587
0.45884052770972134
0.15628569183254087
0.4349262410530059
0.44204702199222884
0.3355735466924511
0.4109719884290486
0.07818683384450631
0.31991745926917525
0.4342325056664162
0.22520036686010747
0.3007666600434072
0.33653674426019664
0.09740815920571305
0.18643446761977228
0.2529987407041401
0.2922177138958527
0.47946956402177626
0.4870694667280502
0.07427187844518723
0.2490527496905356
0.485201001965297
0.4294313637322942
0.3072207046408247
0.2825253780874251
0.34285463400809524
0.04683579124502646
0.17265496703334504
0.08390202261390822
0.060856454531817206
0.4181046553690714
0.023762072804090595
0.10198736536889785
0.07817027261466247
0.21407657323556173
0.05649390371999352
0.3063601335968307
0.12986269411634627
0.1962113830827385
0.4837739057773719
0.32724507909713346
0.33677645160591035
0.005669674603902886
0.1048826422937621
0.2361786456827426
0.48961414130533576
0.17546822332678264
0.17972676850397423
0.002054235737957766
0.08085530801697527
0.1728915913539112
0.3712795172049851
0.28264236988398794
0.3770985751183179
0.16622019862250326
0.18882567862310717
0.37434079302605644
0.3711087307331939
0.08521099364562473
0.32638932675023014
0.1346756949614472
0.049438773640216094
0.2469588455838897
0.2190088852629209
0.1594603123224479
0.09403694402447788
0.3697986239999633
0.44126324273989265
0.007882768111018401
0.17372498915587264
0.43654871992068617
0.3708346349948903
0.11016381038214335
0.131792557049781
0.4564861735325192
0.07059748054622428
0.3609066453864653
0.24675272351050986
0.4972328982215547
0.3076152127599046
0.18487493361812363
0.2249719217273261
0.4579006452979815
0.08750348526008767
0.34411534706697955
0.19608819521717497
0.14172297485691665
0.4482559705627625
0.4849920240510766
0.41525280962812416
0.40393062764754983
0.46553790063176437
0.02536115024780078
0.01593531312704255
0.3310371564140714
0.20792078206410675
0.2462177217707594
0.07603737045536346
0.19884063942680863
0.16362224448533463
0.23856610159715208
0.2436902347243997
0.16924034995683795
0.07963322895125424
0.12806866318696353
0.14698778635661824
0.1511684783121695
0.4135464322300954
0.4032633906814834
0.04357433125163057
0.043235738239469024
0.23115558472906006
0.1932435946378639
0.24398525215853822
0.007408281053508936
0.23477623355191335
0.29736356633685596
0.34381964419089595
0.16631039078751847
0.21899000272878894
0.4426963634521753
0.3661133374329516
0.36644348367740337
0.4771447489151639
0.02048218188989026
0.4898767248064481
0.027419535417367025
0.3791978196886054
0.020742228922209283
0.49181748859568064
0.037039859694520894
0.44616415618542227
0.23726911617863328
0.48203859519049
0.18267794056571235
0.028947215563189743
0.4814971630790197
0.10585457847064095
0.38997943502030374
0.23501577345428115
0.3340194734112196
0.33020853378790443
0.080307843571288
0.05541944847383695
0.11091734619817728
0.442414249656781
0.1254775480324145
0.35369229251260453
0.24722310172153233
0.36722194281945103
0.31589182365512897
0.3731566879896434
0.005764145646135921
0.0058020778520638805
0.1965326983181851
0.39171601562682573
0.3200269651697489
0.14562305688629312
0.38485323187892656
0.0011864245907581283
0.18789287500255336
0.00602718777689748
0.24897797319844378
0.016452752144303584
0.010343495594518304
0.1791382984973951
0.42469993840154613
0.2701367625699535
0.1851486921955624
0.4140345602596348
0.464023027085392
0.055422956134519474
0.47671269131051447
0.4427860188559654
0.26043699765619277
0.4244527833275624
0.4888461874020848
0.2986996163848295
0.07866185442100776
0.15945503129140498
0.3084731409635726
0.08560817254000791
0.49836815472110746
0.46053274179232623
0.18213630234328326
0.4375769137348642
0.42232145909869473
0.16770231475623815
0.42636630095879063
0.33397320208973824
0.24434018061565033
0.44354118055454766
0.08767520021018238
0.4439205622791765
0.4896098488882717
0.3873820287154892
0.25352207587795733
0.029438884419046074
0.0774258095291715
0.26650335750423737
0.4235109985962902
0.17951700238688562
0.17156082351965968
0.04326746187298064
0.22153360067503902
0.1495908996826354
0.008362033751844855
0.017035283959848546
0.0021107632145885846
0.29418860867186486
0.27644772794056993
0.48755274494582773
0.3650316590719948
0.40769419269327517
0.1856386602135981
0.439897817850538
0.4321458047437951
0.10994480519294558
0.07350970267838369
0.0396305556721398
0.01480186849666304
0.09603109712356084
0.369766129380617
0.17230707183481608
0.4238562577375212
0.49540168133861306
0.012385107562961406
0.3520711286288679
0.37277172688649046
0.05318996090219957
0.3385265365137389
0.05485386681241178
0.4199631488491108
