0.05664119836164738
0.495536868513107
0.12772663019923736
0.23007463587329258
0.1259910000591707
0.4195607585903704
0.12079717526282013
0.24455319742456155
0.4540872253587613
0.25629633974209165
0.1086597642529375
0.023550366648976473
0.41059135983526734
0.3084499906218143
0.2892065039711188
0.06551525049397111
0.42536181750675306
0.45477011687472907
0.20095598904591905
0.21958856463387777
0.34137268443651564
0.33080495124184217
0.01212295750112391
0.11225664176862143
0.4450078119419298
0.25513931527594114
0.19598519072295167
0.4475144677740952
0.11820623379454853
0.09722467415131197
0.4399931199142718
0.23706569820826479
0.45263145238621166
0.18154825795840046
0.4450635101195239
0.14460841633960597
0.04806851518471722
0.038617269524137465
0.33681164297844857
0.44962725725798003
0.24497736307500045
0.21608443747837325
0.3854393748496118
0.4007133826957277
0.3691627455380748
0.18726707119267616
0.39719778980428916
0.4495825999230486
0.20668539206300113
0.13491281176350928
0.05479445227795898
0.1729458747550135
0.25522286877690203
0.16541919284286255
0.0687591690460565
0.18648966646133458
0.2661106454188613
0.29262899814782833
0.33000870646698915
0.4644768707838384
0.1127528948630726
0.2387022535881615
0.12271297588862323
0.44946284307233997
0.1506492359471614
0.13054339138720522
0.11831379144620485
0.06588200165726865
0.295707924505419
0.4212400556574465
0.4920531245109903
0.28034637625007774
0.16037089229029095
0.23082446449097171
0.21618179934093779
0.47004178361228166
0.401781265591194
0.48130667911471225
0.08134372734803519
0.12108698502995024
0.3733960085571331
0.3242796468632097
0.3033709439692879
0.11681213948608843
0.399816103354541
0.30582890731068385
0.20494324632012073
0.10807711499244216
0.13750411712924293
0.0039227988994918195
0.05607515628084336
0.17055172114283434
0.45250603054428745
0.30130133874823023
0.154392138800504
0.06968124706448664
0.4731614730112125
0.3475097624066418
0.3099265101844398
0.11397761410220236
0.3210178418295051
0.32978660540626675
0.3449502168830528
0.46157278660743967
0.2377669117624156
0.2298425154070004
0.28526069325565084
0.43004130990994904
0.37013816410132483
0.32532348142155554
0.23335135923760175
0.4159920843743209
0.2202040506419642
0.041757878842445195
0.15631262835905196
0.27972893902270807
0.2125537469775295
0.15067606391812538
0.03212912283466479
0.426865904151449
0.39055609378847844
0.10091798001827551
0.038830528966362854
0.029053096601164508
0.133792364204125
0.1624213572931773
0.3565416581876175
0.267946202862043
0.3724808633481112
0.059662680074923535
0.3003164778505646
0.069054715494964
0.34459809085774945
0.2937445298496957
0.29611130184339285
0.31135352201728317
0.35884746322286926
0.22548167052754275
0.4305062235142998
0.44557978213582045
0.10468677430579476
0.3056524074401365
0.3137468939304619
0.39499264563782516
0.24233208820555452
0.49975561446251054
0.3098454651016379
0.020920912912069323
0.00544809979246752
0.03878783121067181
0.21696671071867457
0.035265003676898554
0.15748674064166546
0.39086477254744234
0.17606763613605958
0.027830044724751035
0.20402567297605667
0.3318754711745859
0.20272536872420188
0.3511394212288254
0.033689531060830835
0.3882401937983442
0.38776750941726856
0.18770551468521635
0.4456080828304213
0.008088660806709502
0.3882460419952029
0.045850851412578775
0.35926917809134923
0.19858562596696028
0.2194251581896901
0.16082057654507692
0.14052467422251574
0.06506173984139352
0.1554875350493356
0.4265277455910891
0.06976340033488138
0.025692216439680893
0.21353457596201464
0.38808412686618765
0.22888168782077573
0.2372020492315905
0.02437591174477688
0.24949862412337886
0.46397218510059596
0.24612748164205317
0.1421348074643562
0.42698318488776577
0.1881983625860177
0.47707900136902603
0.052389661335517146
0.05840929280094159
0.23293475532765145
0.4357111575707886
0.4314796421403971
0.3140928244986318
0.43267234077663674
0.21377500789131626
0.05716009525528842
0.16940995603353098
0.3918529436759429
0.027385280735191475
0.2959675486270507
0.03289750073163916
0.06709961470390302
0.08753772446659369
0.24427895458944576
0.20941328241476193
0.10211882203510825
0.49096876425721825
0.36873652340118024
0.4998038751672131
0.11479404874071852
0.09914695803317175
0.20007336881756493
0.27056500476360335
0.15845851505256642
0.45895168636160594
0.10256458808356345
0.0733744148197461
0.05615715170888985
0.12422067013211985
0.24752213810164175
0.13552482088351098
0.34029175986862825
0.2960540089560491
0.04591177829916432
0.2774841829432839
0.4310847579403632
0.16042340340143713
0.2547994508001194
0.49242904273240573
0.3545508480757644
0.25554653880484474
0.0445198127828792
0.1577446987572747
0.3867573932128246
0.4077769699793666
0.05228203267960363
0.452461596140566
0.32472277861706683
0.17758758104115696
0.17982025036447769
0.35676057772701036
0.3603522502833938
0.032004771111659114
0.3100860860673883
0.437993565022916
0.44152527225492494
0.36567141120748564
0.30625501787827225
0.38992760495818135
0.3355637515735691
0.16104426886384432
0.06802746786243219
0.35961520764033245
0.17465298779717725
0.382339196547331
0.2357444111461987
0.1385810474649019
0.04783207543793988
0.4830052644171964
0.3125303276634994
0.31760007666089557
0.18101457551346706
0.3823371521948291
0.26453151857190826
0.10993047945029866
0.35688995056075073
0.27615816764446843
0.3958003535106441
0.4466478129899068
0.32969558065667504
0.023760477628595345
0.12219422368206129
0.21699316075024233
0.11201331057365982
0.2431970608380727
0.17393141894071806
0.01857279037691084
0.36123707916319475
0.2957182871128898
0.35345016563743176
0.3389731379019957
0.10407787751771452
0.3593386358902653
0.25674347228996514
0.14006428047223624
0.4121988110342679
0.43790586173557167
0.4059153115365034
0.22866401744701542
0.43269930979655274
0.24403402882266284
0.011990161682886802
0.06711552954174288
0.4718291373389293
0.15520742705660884
0.3724360110967063
0.34639689889352193
0.11206916859830834
0.31380614666383433
0.2939740365027229
0.40466656537825735
0.24774408718945096
0.45936501791880235
0.40623749431624573
0.19607206145573391
0.378438192231562
0.29748853573363093
0.44710936755367114
0.08776864830383568
0.039248702304635175
0.4909933657469153
0.013967596672119775
0.42528111344257075
0.40343690766633206
0.10193051354616017
0.43857013785573573
0.08504429752952974
0.3841393593046678
0.2842654555254458
0.06821613724628395
0.12481693717677222
0.39873650748020006
0.14624517620244615
0.49248821185570596
0.4537386442062557
0.31200703585839873
0.19399416703300776
0.48213594380332325
0.41903944687472
0.3241999812182262
0.2103352087974903
0.06922052689546898
0.32679570000943053
0.30017571713394303
0.23892569121986384
0.3056196785007523
0.20201491494210538
0.47007938841977653
0.12631655370051403
0.07283055832564261
0.19175814927544693
0.2289888222825997
0.4556847949828251
0.3801510478245182
0.028113734728951845
0.13706486838935739
0.2774283216073403
0.4221489485804037
0.4590362733328046
0.37408360480360475
0.4050023954073285
0.27786935701897547
0.3483003043801091
0.174506536072005
0.23827088392819235
0.41779711210343223
0.2343291970528874
0.0916568808409347
0.3057936713256477
0.26178057049545245
0.3507134959085016
0.4440796654818993
0.49969363527736643
0.46192425189282
0.1369913874661287
0.48345450172359933
0.2717285534497231
0.4614692541458246
0.2246925450382532
0.051738613429589075
0.2986760797270536
0.4306435485100953
0.22568034851833446
0.37917882543378745
0.13235492664629522
0.24959840502977898
0.0657226871513133
0.4042768103519623
0.12359375676527429
0.4259123063157918
0.16689745624982688
0.3211751912585123
0.31147600476387055
0.32456159234343196
0.466922172982962
0.13979070938875388
0.07880149385210972
0.3898966713514503
0.1742051839678565
0.19014298140055064
0.06630217425482571
0.20898403612125183
0.0232368176185363
0.19599618149003284
0.09385104388165194
0.2833592504509637
0.25697963572963745
0.2802993615660398
0.10362976278952979
0.27641666065903714
0.12179543364175632
0.3782983214019749
0.1517722372050468
0.4972566908498021
0.07633264282005797
0.4365661112953323
0.28685970489183626
0.10334356875551592
0.3995417799251159
0.02146544924939009
0.23676394519585653
0.1559211496819919
0.03951471457254596
0.13968241730792297
0.37940285186330835
0.2169597082578419
0.4800603947874659
0.028228837804840978
0.30330395714783
0.0796434314412044
0.034518585072899344
0.16735083065171102
0.40382869314423564
0.19180252105588114
0.11392419534481213
0.3164751296725929
0.008159788663127054
0.37992315333666354
0.22460374601888394
0.3720618337000901
0.019029870433873386
0.0553423587600001
0.14828529170377525
0.2032999903808766
0.47061351791221906
0.21054365141455483
0.12305043342381
0.4247630686390705
0.42497905119922247
0.11669434157657887
0.25293458308048455
0.008090124848995406
0.3506393466711197
0.19790710826661795
0.3433888460505193
0.1144009878460896
0.24729429329768204
0.24899477209923587
0.15650807243274484
0.18241204443501258
0.11413675333157325
0.35963530050060594
0.2693026500791435
0.28689455100168204
0.15045914865792748
0.22653089877991095
0.38545823739078083
0.44548801284648315
0.10018503778542504
0.20210997424798505
0.024766381620837108
0.05596368594058093
0.04527407683681828
0.15377750860866912
0.4826420429347645
0.4568177259630659
0.19073746878408782
0.1662214981139044
0.26028651609966497
0.09773277216483911
0.3554762051606586
0.2504210697814516
0.1237288809199476
0.39259858963880734
0.4019599027392638
0.0803601849972389
0.04289753635494786
0.4178158896689161
0.2687761612506061
0.4735236075497877
0.004307700314090834
0.278697748133212
0.41000902365597935
0.11136678452044846
0.15755376211877653
0.053205270586967446
0.21335700713600692
0.46371227055016606
0.32112891385863296
0.14134294178336904
0.2519858315662378
0.26939242529272245
0.3676985074448013
0.3900159066671687
0.22191590770422492
0.24949601698511387
0.3538331981979101
0.03981858862584697
0.44797684788447584
0.15281109365458273
0.37777074411429956
0.4494511170331023
0.1237442265382559
0.21213136314561276
0.16915124182942243
0.32140868910739334
0.11867568448753285
0.010758927705367183
0.43851582881127577
0.25082206038147814
0.11685799688146975
0.21071967603619657
0.27846412051010727
0.31981999529206845
0.46928422186901697
0.35595435234362494
0.01711197173547324
0.23463946872823416
0.30094352395938606
0.04325788103293543
0.3419038574887152
0.23386967293740352
0.3588570203155571
0.38735789003254373
0.45321013273206423
0.188187125998299
0.3912889971233808
0.20468967857481885
0.1699292931415794
0.11882520291071769
0.23138263424965672
0.35834215872831177
0.32531540338446907
0.4960237833158237
0.1366966408762672
0.3994455731432841
0.038147602868841946
0.27267888008833185
0.026070085171315704
0.31640198921229756
0.24099801564794987
0.195781114549896
0.20860939421138786
0.3831494000741117
0.01871648031543338
0.40815062767796856
0.007617937088935822
0.19236072454338304
0.46180292357184827
0.44238635977244906
0.23676768041555368
0.48258255319524807
0.3561951277170014
0.22245556499736657
0.1649943931919836
0.3968760156206041
0.042009444983265865
0.3469674368075084
0.3904301153153658
0.11709231600263442
0.09568495943279876
0.057005352392764885
0.3696884771510665
0.2617715595504108
0.1125720638586693
0.40269506585075654
0.23478834867324638
0.47877508952839054
0.039272616435791996
0.35968059919150436
0.4318446374095628
0.3398605849796838
0.02575654948810885
0.393515809795117
0.46804330473949524
0.17087366779092567
0.3398589396659904
0.4724871051956151
0.10222402778691819
0.16411876503848583
0.3346484916617374
0.3659820812577789
0.3414237226537662
0.21968798238261844
0.22020180689233942
0.1320155139235175
0.39124354188738364
0.2039523589994498
0.45787470394307156
0.1147395781395904
0.3822729313973573
0.3738399223394125
0.07799862081805253
0.07675458322575557
0.17754956804897182
0.10158592696802304
0.015900613488902482
0.09843057796278609
0.4287969475373383
0.412581444670439
0.4659075346891542
0.04829451047566602
0.4874787242886271
0.49361565197593693
0.19396509552085484
0.10545760484504951
0.10348864129067892
0.10072922803549877
0.030381620461456038
0.2264850931814112
0.22134612797337688
0.2082725858210614
0.4141378104890914
0.15254444426618663
0.1449566520981196
0.24073008387478267
0.27726752864600623
0.3030622081101835
0.1967604720555271
0.06597585968803688
0.4929957416053274
0.1616077108228134
0.1865545863694043
0.09167994299581761
0.0116536574176625
0.24920281010500467
0.49086680654869086
0.334242081358196
0.007202051037994817
0.2381634471564591
0.043940522454005204
0.29016344710615943
0.4493809660521445
0.19251985101471963
0.4775711268952256
0.2585046432630573
0.3114698800320061
0.37242601941810044
0.06664504014944106
0.3310000287243939
0.11621615921833678
0.45231721160219934
0.14206793474202056
0.13910456679219996
0.3653331567130351
0.24609750500137556
0.10598987688186001
0.2843854816530389
0.06340337052063938
0.2679931429948694
0.14197186516583615
0.02249104461966639
0.4981181815540225
0.37801198871107905
0.2577331034272109
0.05816150400845982
0.22637776852493335
0.1778829524677879
0.16032978121477426
0.2035651527656578
0.37259644191821606
0.06353266854309136
0.39632686933899774
0.2469326571892631
0.038471745948199465
0.290621718741901
0.31054127198928716
0.23497367939923042
0.4305296078367283
0.30070518503659177
0.3123334041426221
0.052673340806168256
0.08900558691815513
0.39935959774596763
0.21889676217735154
0.23195994413687676
0.48046180422526974
0.3363519553581362
0.20988531353955892
0.26607253891901333
0.10541928970291242
0.15978556038234654
0.3094838915585968
0.2747947608481315
0.09159889866725812
0.4790431850632392
0.37827282258303707
0.2369840052850854
0.13277883415684832
0.45692243668194965
0.019864999724739818
0.3177635745827476
0.45370296248353037
0.2758929454390536
0.106557778283706
0.2543414467103471
0.1124748379161441
0.041405801372351114
0.2541621467370974
0.39531339541547444
0.047011997218139645
0.3901922896578207
0.1450690115925558
0.2881220067410791
0.03502576180935668
0.035451953388872526
0.46507212484717547
0.21383474461435625
0.45401260127747495
0.15013591245772595
0.2068614737384083
0.2546514070352966
0.08775594387734631
0.37823119210025247
0.2914770460070594
0.4854535464165843
0.1448599998708372
0.15211687800587909
0.2749740438696518
0.4065261636650939
0.11564316761497129
0.22665060852796715
0.03827835680553443
0.1297829664719734
0.14504346188340572
0.04710562386533257
0.44906810236449934
0.0010379697989654213
0.12181596191860428
0.37643409725366794
0.16077436646814502
0.49373157618206637
0.3698922566847843
0.007010413498740653
0.07132275314564834
0.3530755959724694
0.30226227167108444
0.07160064202705019
0.06563514527569247
0.45476624724062825
0.4930271465790189
0.0518460528686992
0.401873124762595
0.2914566795626818
0.4476610019446897
0.28766227703811187
0.34234953980432836
0.31860165434596716
0.31277745104508264
0.3376732560166438
0.20874735375780906
0.11683907028719726
0.23025747611041603
0.05171635117170087
0.2604299736135187
0.2568491940092713
0.48569614943653155
0.13111189786829203
0.11334009796781847
0.1797206452308221
0.2693613817579667
0.15237505010805846
0.43183492638341625
0.0996558115263474
0.2180750692986792
0.4513612138492894
0.2994288637688834
0.024681745168420366
0.018855588093626252
0.08994471649869318
0.39359084906322434
0.28185153745950553
0.4699160413600102
0.12993347279979633
0.2082913910809372
0.40998339042715276
0.4157501159332078
0.41330912589762864
0.01920982096708146
0.004660876352386767
0.20697454187917325
